"Cod_estacao"	"ano_hidro"	"maxima"	"minima"	"media"	"NAs"
60435000	1978	2.7416	1.6914	2.12770617283951	11
60435000	1979	16.1484	1.0244	3.12712739726027	0
60435000	1980	28.8768	1.1412	3.2398087431694	0
60435000	1981	11.1216	1.2387	2.93498849315068	0
60435000	1982	12.7978	1.3141	3.50331780821918	0
60435000	1983	25.2523	0.9349	3.3241202739726	0
60435000	1984	9.2506	1.0447	2.54514945355191	0
60435000	1985	8.9068	0.6729	2.01096273972603	0
60435000	1986	10.3737	0.7337	1.96948	0
60435000	1987	12.4459	0.4777	1.61830794520548	0
60435000	1988	17.1168	0.5405	1.92969398907104	0
60435000	1989	10.3166	0.8041	1.83969178082192	0
60435000	1990	16.8089	0.8824	2.71503424657534	0
60435000	1991	12.7002	0.8428	2.16405205479452	0
60435000	1992	12.4316	0.7662	2.48285191256831	0
60435000	1993	9.3562	1.2989	2.5729101369863	0
60435000	1994	19.2619	0.8234	3.20840301369863	0
60435000	1995	9.415	0.8625	2.40457342465753	0
60435000	1996	5.9965	0.5405	1.3029131147541	0
60435000	1997	9.6013	0.4196	1.87927068493151	0
60435000	1998	5.1532	0.2026	1.11720904109589	0
60435000	1999	6.7846	0.1507	1.33358876712329	0
60435000	2000	9.1257	0.185	2.15248743169399	0
60435000	2001	10.221	0.3993	2.04790109589041	0
60435000	2002	12.7377	0.4402	2.15697342465753	0
60435000	2003	5.8747	0.3597	1.64030109589041	0
60435000	2004	37.4633	0.1279	2.66298196721311	0
60435000	2005	14.4609	0.5382	2.48544465753425	0
60435000	2006	11.1322	0.4377	1.95749616438356	0
60435000	2007	7.3923	0.1476	1.95180575342466	0
60435000	2008	11.3344	0.2282	1.9734806010929	0
60435000	2009	11.4292	0.2282	2.0709734375	45
60435000	2010	12.5008	0.5511	1.9028895890411	0
60435000	2011	12.4031	0.1883	1.94539890410959	0
60435000	2012	10.7542	0.3025	2.16744153005464	0
60435000	2013	8.6073	0.1846	1.77991726027397	0
60435000	2014	11.4632	0.2765	1.79436657534247	0
60435000	2015	4.9062	0.174	1.20640931506849	0
60435000	2016	17.8189	0.1576	1.24862404371585	0
60435000	2017	6.3478	0.0918	0.805661643835616	0
60435000	2018	7.8938	0.0539	1.23831698630137	0
60435000	2019	11.3069	0.1137	1.81807424657534	0
60435000	2020	16.8135	0.1982	2.82670059701493	31
60435000	2021	13.9074	0.4115	1.6051098630137	0
60435000	2022	2.9357	0.1221	0.721404918032787	0
60436000	1978	NA	NA	NA	31
60436000	1979	46.8403	2.5889	12.3268654761905	29
60436000	1980	44.5559	2.3698	10.1339915300546	0
60436000	1981	37.5976	1.7918	8.16299506849315	0
60436000	1982	37.5976	1.4675	10.1682712328767	0
60436000	1983	67.5449	2.3698	10.1989486263736	1
60436000	1984	27.6501	1.7918	7.1315674863388	0
60436000	1985	25.4193	1.7918	5.01498082191781	0
60436000	1986	21.1808	1.8802	3.88403506849315	0
60436000	1987	13.8886	1.4675	2.82414356164384	0
60436000	1988	39.1049	1.4675	5.67984972677596	0
60436000	1989	27.0052	1.4675	5.04205808219178	0
60436000	1990	50.1218	1.6238	8.61542273972603	0
60436000	1991	39.1049	1.7918	6.45224602739726	0
60436000	1992	31.6424	1.7918	7.22436038251366	0
60436000	1993	29.62	1.7918	7.5712498630137	0
60436000	1994	41.346	1.7918	7.52478712328767	0
60436000	1995	24.7954	1.7918	5.41018547945206	0
60436000	1996	10.3727	1.7918	2.70111338797814	0
60436000	1997	15.9238	0.4347	2.45005068493151	0
60436000	1998	11.0437	0.5013	1.39363643835616	0
60436000	1999	16.4494	0.5013	1.33568328767123	0
60436000	2000	20.8897	0.4347	4.63398907103825	0
60436000	2001	15.9238	0.3747	4.21237452054794	0
60436000	2002	25.1066	0.3747	4.89982739726027	0
60436000	2003	15.4048	0.4347	1.65293753424658	0
60436000	2004	25.7335	0.4347	5.03140765027322	0
60436000	2005	32.0604	0.4347	5.38014821917808	0
60436000	2006	19.1763	0.2727	3.83799506849315	0
60436000	2007	20.0258	0.2299	3.93110493150685	0
60436000	2008	22.6599	0.4347	3.03727950819672	0
60436000	2009	22.0636	0.5013	3.61913424657534	0
60436000	2010	21.4735	0.5013	3.07651212121212	2
60436000	2011	23.9186	0.5013	2.94108044077135	2
60436000	2012	28.9575	0.5013	4.88641533923304	27
60436000	2013	19.1763	0.5013	2.96719561643836	0
60436000	2014	14.9453	0.4615	3.02587554858934	46
60436000	2015	9.2461	0.2614	1.11827260273973	0
60436000	2016	4.487	0.2614	0.485311313868613	92
60436000	2017	0.2614	0.0062	0.0489871232876712	0
60436000	2018	0.1656	0.0285	0.0854071232876712	0
60436000	2019	19.747	0.0724	2.58388794520548	0
60436000	2020	29.0223	0.0606	4.30991612021858	0
60436000	2021	24.6635	0.4615	2.22066019736842	0
60436190	2007	81.2282	4.6189	14.8909919413919	0
60436190	2008	113.752	3.5154	11.2241325136612	0
60436190	2009	89.5478	3.3783	9.84860164383562	0
60436190	2010	42.1637	3.655	10.1561876712329	0
60436190	2011	58.186	2.6668	11.1374126027397	0
60436190	2012	160.457	2.4957	10.9250297814208	0
60436190	2013	120.51	2.6136	10.0268624657534	0
60436190	2014	80.6315	3.5206	10.5267364383562	0
60436190	2015	76.2483	3.6437	8.30913260273973	0
60436190	2016	148.496	2.9576	7.08511639344262	0
60436190	2017	40.6902	2.3578	5.26342983425414	3
60436190	2018	38.2546	2.0089	5.71103342465753	0
60436190	2019	69.4356	1.9416	9.28601726027397	0
60436190	2020	181.893	3.0361	17.0341914754098	61
60436190	2021	145.937	2.7524	10.5048856287425	31
60436190	2022	11.8776	2.9696	4.50444130434783	0
60443000	1978	118	10.8	26.7382075471698	0
60443000	1979	120	6.21	23.1410684931507	0
60443000	1980	115	7.97	22.7366120218579	0
60443000	1981	86.7	8.17	19.5100821917808	0
60443000	1982	187	5.31	21.3102739726027	0
60443000	1983	294	7.97	21.6473698630137	0
60443000	1984	70.5	6.77	13.6200273224044	0
60443000	1985	59.5	6.58	13.9883561643836	0
60443000	1986	44.2	4.8	11.5243287671233	0
60443000	1987	92.2	2.33	9.67816438356164	0
60443000	1988	95.5	4.8	23.4405464480874	0
60443000	1989	49.7	6.21	15.2927671232877	0
60443000	1990	118	6.21	20.6409863013699	0
60443000	1991	108	4.63	16.7881369863014	0
60443000	1992	63.9	8.17	12.5224183006536	213
60443000	1993	36	3.12	16.1015094339623	153
60443000	1994	77.2	5.84	16.688602739726	0
60443000	1995	37.8	0.968	10.2899616438356	0
60443000	1996	6.39	3.12	3.96052287581699	0
